3,2
3,1
3,3
10,99
10,189
10,239
10,121
10,93
10,77
10,231
10,237
10,2
10,3
9,5
9,2
9,3
8,9
8,7
8,6
8,4
8,2
8,3
0,318
53,3
53,1
52,6
52,3
52,1
35,16
35,1
34,13
34,1
33,120
33,119
33,118
33,117
33,116
33,114
33,113
33,111
33,110
33,109
33,108
33,107
33,106
33,105
33,104
33,103
33,102
33,101
33,100
33,89
33,88
33,87
33,66
33,65
33,64
33,5
33,4
33,3
33,1
24,3
24,1
20,3
20,2
20,1
19,3
19,2
19,1
18,1
18,3
14,7
14,5
14,3
14,1
13,3
13,1
12,3
12,2
12,1
11,30
11,29
11,28
11,27
11,26
11,25
11,24
11,23
11,22
11,21
11,20
11,19
11,18
11,17
11,16
11,15
11,14
11,13
11,12
11,11
11,10
11,9
11,8
11,7
11,6
11,5
11,4
11,3
11,2
11,1
10,317
10,316
10,315
10,314
10,313
10,312
10,311
10,310
10,309
